{
    "version": [
        "1",
        "2",
        "4"
    ],
    "featuresFolders": [
        "..\\..\\FeatureExtraction\\15cf7ae33565bfeb64ce090cde9eb8eff0874479"
    ],
    "matchesFolders": [
        "..\\..\\FeatureMatching\\d50e0e0f6b4003e7042466363d4f25518f55dd53"
    ],
    "views": [
        {
            "viewId": "129029325",
            "poseId": "129029325",
            "frameId": "119",
            "intrinsicId": "781370262",
            "resectionId": "20",
            "path": "D:\/ly\/stage3\/gun11\/output2 png\/output_0119.png",
            "width": "1920",
            "height": "1080",
            "metadata": {
                "ResolutionUnit": "none",
                "XResolution": "1",
                "YResolution": "1",
                "oiio:ColorSpace": "Gamma2",
                "oiio:Gamma": "1.96"
            }
        },
        {
            "viewId": "172794495",
            "poseId": "172794495",
            "frameId": "79",
            "intrinsicId": "781370262",
            "resectionId": "28",
            "path": "D:\/ly\/stage3\/gun11\/output2 png\/output_0079.png",
            "width": "1920",
            "height": "1080",
            "metadata": {
                "ResolutionUnit": "none",
                "XResolution": "1",
                "YResolution": "1",
                "oiio:ColorSpace": "Gamma2",
                "oiio:Gamma": "1.96"
            }
        },
        {
            "viewId": "546979997",
            "poseId": "546979997",
            "frameId": "136",
            "intrinsicId": "781370262",
            "resectionId": "25",
            "path": "D:\/ly\/stage3\/gun11\/output2 png\/output_0136.png",
            "width": "1920",
            "height": "1080",
            "metadata": {
                "ResolutionUnit": "none",
                "XResolution": "1",
                "YResolution": "1",
                "oiio:ColorSpace": "Gamma2",
                "oiio:Gamma": "1.96"
            }
        },
        {
            "viewId": "624237971",
            "poseId": "624237971",
            "frameId": "93",
            "intrinsicId": "781370262",
            "resectionId": "21",
            "path": "D:\/ly\/stage3\/gun11\/output2 png\/output_0093.png",
            "width": "1920",
            "height": "1080",
            "metadata": {
                "ResolutionUnit": "none",
                "XResolution": "1",
                "YResolution": "1",
                "oiio:ColorSpace": "Gamma2",
                "oiio:Gamma": "1.96"
            }
        },
        {
            "viewId": "632162072",
            "poseId": "632162072",
            "frameId": "92",
            "intrinsicId": "781370262",
            "resectionId": "13",
            "path": "D:\/ly\/stage3\/gun11\/output2 png\/output_0092.png",
            "width": "1920",
            "height": "1080",
            "metadata": {
                "ResolutionUnit": "none",
                "XResolution": "1",
                "YResolution": "1",
                "oiio:ColorSpace": "Gamma2",
                "oiio:Gamma": "1.96"
            }
        },
        {
            "viewId": "646198035",
            "poseId": "646198035",
            "frameId": "73",
            "intrinsicId": "781370262",
            "resectionId": "8",
            "path": "D:\/ly\/stage3\/gun11\/output2 png\/output_0073.png",
            "width": "1920",
            "height": "1080",
            "metadata": {
                "ResolutionUnit": "none",
                "XResolution": "1",
                "YResolution": "1",
                "oiio:ColorSpace": "Gamma2",
                "oiio:Gamma": "1.96"
            }
        },
        {
            "viewId": "649804388",
            "poseId": "649804388",
            "frameId": "72",
            "intrinsicId": "781370262",
            "path": "D:\/ly\/stage3\/gun11\/output2 png\/output_0072.png",
            "width": "1920",
            "height": "1080",
            "metadata": {
                "ResolutionUnit": "none",
                "XResolution": "1",
                "YResolution": "1",
                "oiio:ColorSpace": "Gamma2",
                "oiio:Gamma": "1.96"
            }
        },
        {
            "viewId": "650892239",
            "poseId": "650892239",
            "frameId": "71",
            "intrinsicId": "781370262",
            "resectionId": "9",
            "path": "D:\/ly\/stage3\/gun11\/output2 png\/output_0071.png",
            "width": "1920",
            "height": "1080",
            "metadata": {
                "ResolutionUnit": "none",
                "XResolution": "1",
                "YResolution": "1",
                "oiio:ColorSpace": "Gamma2",
                "oiio:Gamma": "1.96"
            }
        },
        {
            "viewId": "651622489",
            "poseId": "651622489",
            "frameId": "76",
            "intrinsicId": "781370262",
            "resectionId": "10",
            "path": "D:\/ly\/stage3\/gun11\/output2 png\/output_0076.png",
            "width": "1920",
            "height": "1080",
            "metadata": {
                "ResolutionUnit": "none",
                "XResolution": "1",
                "YResolution": "1",
                "oiio:ColorSpace": "Gamma2",
                "oiio:Gamma": "1.96"
            }
        },
        {
            "viewId": "653134701",
            "poseId": "653134701",
            "frameId": "70",
            "intrinsicId": "781370262",
            "resectionId": "11",
            "path": "D:\/ly\/stage3\/gun11\/output2 png\/output_0070.png",
            "width": "1920",
            "height": "1080",
            "metadata": {
                "ResolutionUnit": "none",
                "XResolution": "1",
                "YResolution": "1",
                "oiio:ColorSpace": "Gamma2",
                "oiio:Gamma": "1.96"
            }
        },
        {
            "viewId": "654239993",
            "poseId": "654239993",
            "frameId": "95",
            "intrinsicId": "781370262",
            "resectionId": "27",
            "path": "D:\/ly\/stage3\/gun11\/output2 png\/output_0095.png",
            "width": "1920",
            "height": "1080",
            "metadata": {
                "ResolutionUnit": "none",
                "XResolution": "1",
                "YResolution": "1",
                "oiio:ColorSpace": "Gamma2",
                "oiio:Gamma": "1.96"
            }
        },
        {
            "viewId": "677973350",
            "poseId": "677973350",
            "frameId": "75",
            "intrinsicId": "781370262",
            "resectionId": "7",
            "path": "D:\/ly\/stage3\/gun11\/output2 png\/output_0075.png",
            "width": "1920",
            "height": "1080",
            "metadata": {
                "ResolutionUnit": "none",
                "XResolution": "1",
                "YResolution": "1",
                "oiio:ColorSpace": "Gamma2",
                "oiio:Gamma": "1.96"
            }
        },
        {
            "viewId": "712355772",
            "poseId": "712355772",
            "frameId": "132",
            "intrinsicId": "781370262",
            "resectionId": "28",
            "path": "D:\/ly\/stage3\/gun11\/output2 png\/output_0132.png",
            "width": "1920",
            "height": "1080",
            "metadata": {
                "ResolutionUnit": "none",
                "XResolution": "1",
                "YResolution": "1",
                "oiio:ColorSpace": "Gamma2",
                "oiio:Gamma": "1.96"
            }
        },
        {
            "viewId": "721673428",
            "poseId": "721673428",
            "frameId": "135",
            "intrinsicId": "781370262",
            "resectionId": "26",
            "path": "D:\/ly\/stage3\/gun11\/output2 png\/output_0135.png",
            "width": "1920",
            "height": "1080",
            "metadata": {
                "ResolutionUnit": "none",
                "XResolution": "1",
                "YResolution": "1",
                "oiio:ColorSpace": "Gamma2",
                "oiio:Gamma": "1.96"
            }
        },
        {
            "viewId": "724921794",
            "poseId": "724921794",
            "frameId": "134",
            "intrinsicId": "781370262",
            "resectionId": "28",
            "path": "D:\/ly\/stage3\/gun11\/output2 png\/output_0134.png",
            "width": "1920",
            "height": "1080",
            "metadata": {
                "ResolutionUnit": "none",
                "XResolution": "1",
                "YResolution": "1",
                "oiio:ColorSpace": "Gamma2",
                "oiio:Gamma": "1.96"
            }
        },
        {
            "viewId": "726233714",
            "poseId": "726233714",
            "frameId": "133",
            "intrinsicId": "781370262",
            "resectionId": "28",
            "path": "D:\/ly\/stage3\/gun11\/output2 png\/output_0133.png",
            "width": "1920",
            "height": "1080",
            "metadata": {
                "ResolutionUnit": "none",
                "XResolution": "1",
                "YResolution": "1",
                "oiio:ColorSpace": "Gamma2",
                "oiio:Gamma": "1.96"
            }
        },
        {
            "viewId": "1024487586",
            "poseId": "1024487586",
            "frameId": "91",
            "intrinsicId": "781370262",
            "resectionId": "28",
            "path": "D:\/ly\/stage3\/gun11\/output2 png\/output_0091.png",
            "width": "1920",
            "height": "1080",
            "metadata": {
                "ResolutionUnit": "none",
                "XResolution": "1",
                "YResolution": "1",
                "oiio:ColorSpace": "Gamma2",
                "oiio:Gamma": "1.96"
            }
        },
        {
            "viewId": "1025795440",
            "poseId": "1025795440",
            "frameId": "90",
            "intrinsicId": "781370262",
            "resectionId": "28",
            "path": "D:\/ly\/stage3\/gun11\/output2 png\/output_0090.png",
            "width": "1920",
            "height": "1080",
            "metadata": {
                "ResolutionUnit": "none",
                "XResolution": "1",
                "YResolution": "1",
                "oiio:ColorSpace": "Gamma2",
                "oiio:Gamma": "1.96"
            }
        },
        {
            "viewId": "1038306100",
            "poseId": "1038306100",
            "frameId": "137",
            "intrinsicId": "781370262",
            "resectionId": "24",
            "path": "D:\/ly\/stage3\/gun11\/output2 png\/output_0137.png",
            "width": "1920",
            "height": "1080",
            "metadata": {
                "ResolutionUnit": "none",
                "XResolution": "1",
                "YResolution": "1",
                "oiio:ColorSpace": "Gamma2",
                "oiio:Gamma": "1.96"
            }
        },
        {
            "viewId": "1306415531",
            "poseId": "1306415531",
            "frameId": "3",
            "intrinsicId": "781370262",
            "resectionId": "28",
            "path": "D:\/ly\/stage3\/gun11\/output2 png\/output_0003.png",
            "width": "1920",
            "height": "1080",
            "metadata": {
                "ResolutionUnit": "none",
                "XResolution": "1",
                "YResolution": "1",
                "oiio:ColorSpace": "Gamma2",
                "oiio:Gamma": "1.96"
            }
        },
        {
            "viewId": "1307761724",
            "poseId": "1307761724",
            "frameId": "2",
            "intrinsicId": "781370262",
            "resectionId": "5",
            "path": "D:\/ly\/stage3\/gun11\/output2 png\/output_0002.png",
            "width": "1920",
            "height": "1080",
            "metadata": {
                "ResolutionUnit": "none",
                "XResolution": "1",
                "YResolution": "1",
                "oiio:ColorSpace": "Gamma2",
                "oiio:Gamma": "1.96"
            }
        },
        {
            "viewId": "1380113906",
            "poseId": "1380113906",
            "frameId": "6",
            "intrinsicId": "781370262",
            "resectionId": "23",
            "path": "D:\/ly\/stage3\/gun11\/output2 png\/output_0006.png",
            "width": "1920",
            "height": "1080",
            "metadata": {
                "ResolutionUnit": "none",
                "XResolution": "1",
                "YResolution": "1",
                "oiio:ColorSpace": "Gamma2",
                "oiio:Gamma": "1.96"
            }
        },
        {
            "viewId": "1383503671",
            "poseId": "1383503671",
            "frameId": "5",
            "intrinsicId": "781370262",
            "resectionId": "2",
            "path": "D:\/ly\/stage3\/gun11\/output2 png\/output_0005.png",
            "width": "1920",
            "height": "1080",
            "metadata": {
                "ResolutionUnit": "none",
                "XResolution": "1",
                "YResolution": "1",
                "oiio:ColorSpace": "Gamma2",
                "oiio:Gamma": "1.96"
            }
        },
        {
            "viewId": "1386499570",
            "poseId": "1386499570",
            "frameId": "1",
            "intrinsicId": "781370262",
            "resectionId": "1",
            "path": "D:\/ly\/stage3\/gun11\/output2 png\/output_0001.png",
            "width": "1920",
            "height": "1080",
            "metadata": {
                "ResolutionUnit": "none",
                "XResolution": "1",
                "YResolution": "1",
                "oiio:ColorSpace": "Gamma2",
                "oiio:Gamma": "1.96"
            }
        },
        {
            "viewId": "1393281763",
            "poseId": "1393281763",
            "frameId": "8",
            "intrinsicId": "781370262",
            "resectionId": "28",
            "path": "D:\/ly\/stage3\/gun11\/output2 png\/output_0008.png",
            "width": "1920",
            "height": "1080",
            "metadata": {
                "ResolutionUnit": "none",
                "XResolution": "1",
                "YResolution": "1",
                "oiio:ColorSpace": "Gamma2",
                "oiio:Gamma": "1.96"
            }
        },
        {
            "viewId": "1402068656",
            "poseId": "1402068656",
            "frameId": "9",
            "intrinsicId": "781370262",
            "resectionId": "28",
            "path": "D:\/ly\/stage3\/gun11\/output2 png\/output_0009.png",
            "width": "1920",
            "height": "1080",
            "metadata": {
                "ResolutionUnit": "none",
                "XResolution": "1",
                "YResolution": "1",
                "oiio:ColorSpace": "Gamma2",
                "oiio:Gamma": "1.96"
            }
        },
        {
            "viewId": "1436362485",
            "poseId": "1436362485",
            "frameId": "81",
            "intrinsicId": "781370262",
            "resectionId": "28",
            "path": "D:\/ly\/stage3\/gun11\/output2 png\/output_0081.png",
            "width": "1920",
            "height": "1080",
            "metadata": {
                "ResolutionUnit": "none",
                "XResolution": "1",
                "YResolution": "1",
                "oiio:ColorSpace": "Gamma2",
                "oiio:Gamma": "1.96"
            }
        },
        {
            "viewId": "1436902121",
            "poseId": "1436902121",
            "frameId": "82",
            "intrinsicId": "781370262",
            "resectionId": "6",
            "path": "D:\/ly\/stage3\/gun11\/output2 png\/output_0082.png",
            "width": "1920",
            "height": "1080",
            "metadata": {
                "ResolutionUnit": "none",
                "XResolution": "1",
                "YResolution": "1",
                "oiio:ColorSpace": "Gamma2",
                "oiio:Gamma": "1.96"
            }
        },
        {
            "viewId": "1439876005",
            "poseId": "1439876005",
            "frameId": "83",
            "intrinsicId": "781370262",
            "resectionId": "17",
            "path": "D:\/ly\/stage3\/gun11\/output2 png\/output_0083.png",
            "width": "1920",
            "height": "1080",
            "metadata": {
                "ResolutionUnit": "none",
                "XResolution": "1",
                "YResolution": "1",
                "oiio:ColorSpace": "Gamma2",
                "oiio:Gamma": "1.96"
            }
        },
        {
            "viewId": "1565198011",
            "poseId": "1565198011",
            "frameId": "88",
            "intrinsicId": "781370262",
            "resectionId": "28",
            "path": "D:\/ly\/stage3\/gun11\/output2 png\/output_0088.png",
            "width": "1920",
            "height": "1080",
            "metadata": {
                "ResolutionUnit": "none",
                "XResolution": "1",
                "YResolution": "1",
                "oiio:ColorSpace": "Gamma2",
                "oiio:Gamma": "1.96"
            }
        },
        {
            "viewId": "1571987938",
            "poseId": "1571987938",
            "frameId": "87",
            "intrinsicId": "781370262",
            "resectionId": "28",
            "path": "D:\/ly\/stage3\/gun11\/output2 png\/output_0087.png",
            "width": "1920",
            "height": "1080",
            "metadata": {
                "ResolutionUnit": "none",
                "XResolution": "1",
                "YResolution": "1",
                "oiio:ColorSpace": "Gamma2",
                "oiio:Gamma": "1.96"
            }
        },
        {
            "viewId": "1578228476",
            "poseId": "1578228476",
            "frameId": "84",
            "intrinsicId": "781370262",
            "resectionId": "28",
            "path": "D:\/ly\/stage3\/gun11\/output2 png\/output_0084.png",
            "width": "1920",
            "height": "1080",
            "metadata": {
                "ResolutionUnit": "none",
                "XResolution": "1",
                "YResolution": "1",
                "oiio:ColorSpace": "Gamma2",
                "oiio:Gamma": "1.96"
            }
        },
        {
            "viewId": "2084173764",
            "poseId": "2084173764",
            "frameId": "129",
            "intrinsicId": "781370262",
            "resectionId": "12",
            "path": "D:\/ly\/stage3\/gun11\/output2 png\/output_0129.png",
            "width": "1920",
            "height": "1080",
            "metadata": {
                "ResolutionUnit": "none",
                "XResolution": "1",
                "YResolution": "1",
                "oiio:ColorSpace": "Gamma2",
                "oiio:Gamma": "1.96"
            }
        },
        {
            "viewId": "2087475946",
            "poseId": "2087475946",
            "frameId": "10",
            "intrinsicId": "781370262",
            "resectionId": "15",
            "path": "D:\/ly\/stage3\/gun11\/output2 png\/output_0010.png",
            "width": "1920",
            "height": "1080",
            "metadata": {
                "ResolutionUnit": "none",
                "XResolution": "1",
                "YResolution": "1",
                "oiio:ColorSpace": "Gamma2",
                "oiio:Gamma": "1.96"
            }
        },
        {
            "viewId": "2089748241",
            "poseId": "2089748241",
            "frameId": "127",
            "intrinsicId": "781370262",
            "resectionId": "0",
            "path": "D:\/ly\/stage3\/gun11\/output2 png\/output_0127.png",
            "width": "1920",
            "height": "1080",
            "metadata": {
                "ResolutionUnit": "none",
                "XResolution": "1",
                "YResolution": "1",
                "oiio:ColorSpace": "Gamma2",
                "oiio:Gamma": "1.96"
            }
        },
        {
            "viewId": "2091542392",
            "poseId": "2091542392",
            "frameId": "124",
            "intrinsicId": "781370262",
            "resectionId": "3",
            "path": "D:\/ly\/stage3\/gun11\/output2 png\/output_0124.png",
            "width": "1920",
            "height": "1080",
            "metadata": {
                "ResolutionUnit": "none",
                "XResolution": "1",
                "YResolution": "1",
                "oiio:ColorSpace": "Gamma2",
                "oiio:Gamma": "1.96"
            }
        },
        {
            "viewId": "2092363721",
            "poseId": "2092363721",
            "frameId": "126",
            "intrinsicId": "781370262",
            "path": "D:\/ly\/stage3\/gun11\/output2 png\/output_0126.png",
            "width": "1920",
            "height": "1080",
            "metadata": {
                "ResolutionUnit": "none",
                "XResolution": "1",
                "YResolution": "1",
                "oiio:ColorSpace": "Gamma2",
                "oiio:Gamma": "1.96"
            }
        },
        {
            "viewId": "2096309503",
            "poseId": "2096309503",
            "frameId": "120",
            "intrinsicId": "781370262",
            "resectionId": "18",
            "path": "D:\/ly\/stage3\/gun11\/output2 png\/output_0120.png",
            "width": "1920",
            "height": "1080",
            "metadata": {
                "ResolutionUnit": "none",
                "XResolution": "1",
                "YResolution": "1",
                "oiio:ColorSpace": "Gamma2",
                "oiio:Gamma": "1.96"
            }
        },
        {
            "viewId": "2099587247",
            "poseId": "2099587247",
            "frameId": "121",
            "intrinsicId": "781370262",
            "resectionId": "14",
            "path": "D:\/ly\/stage3\/gun11\/output2 png\/output_0121.png",
            "width": "1920",
            "height": "1080",
            "metadata": {
                "ResolutionUnit": "none",
                "XResolution": "1",
                "YResolution": "1",
                "oiio:ColorSpace": "Gamma2",
                "oiio:Gamma": "1.96"
            }
        },
        {
            "viewId": "2101028400",
            "poseId": "2101028400",
            "frameId": "122",
            "intrinsicId": "781370262",
            "resectionId": "19",
            "path": "D:\/ly\/stage3\/gun11\/output2 png\/output_0122.png",
            "width": "1920",
            "height": "1080",
            "metadata": {
                "ResolutionUnit": "none",
                "XResolution": "1",
                "YResolution": "1",
                "oiio:ColorSpace": "Gamma2",
                "oiio:Gamma": "1.96"
            }
        },
        {
            "viewId": "2104031122",
            "poseId": "2104031122",
            "frameId": "123",
            "intrinsicId": "781370262",
            "resectionId": "22",
            "path": "D:\/ly\/stage3\/gun11\/output2 png\/output_0123.png",
            "width": "1920",
            "height": "1080",
            "metadata": {
                "ResolutionUnit": "none",
                "XResolution": "1",
                "YResolution": "1",
                "oiio:ColorSpace": "Gamma2",
                "oiio:Gamma": "1.96"
            }
        },
        {
            "viewId": "2135187765",
            "poseId": "2135187765",
            "frameId": "125",
            "intrinsicId": "781370262",
            "resectionId": "4",
            "path": "D:\/ly\/stage3\/gun11\/output2 png\/output_0125.png",
            "width": "1920",
            "height": "1080",
            "metadata": {
                "ResolutionUnit": "none",
                "XResolution": "1",
                "YResolution": "1",
                "oiio:ColorSpace": "Gamma2",
                "oiio:Gamma": "1.96"
            }
        },
        {
            "viewId": "2137277251",
            "poseId": "2137277251",
            "frameId": "12",
            "intrinsicId": "781370262",
            "resectionId": "28",
            "path": "D:\/ly\/stage3\/gun11\/output2 png\/output_0012.png",
            "width": "1920",
            "height": "1080",
            "metadata": {
                "ResolutionUnit": "none",
                "XResolution": "1",
                "YResolution": "1",
                "oiio:ColorSpace": "Gamma2",
                "oiio:Gamma": "1.96"
            }
        },
        {
            "viewId": "2140708671",
            "poseId": "2140708671",
            "frameId": "13",
            "intrinsicId": "781370262",
            "resectionId": "16",
            "path": "D:\/ly\/stage3\/gun11\/output2 png\/output_0013.png",
            "width": "1920",
            "height": "1080",
            "metadata": {
                "ResolutionUnit": "none",
                "XResolution": "1",
                "YResolution": "1",
                "oiio:ColorSpace": "Gamma2",
                "oiio:Gamma": "1.96"
            }
        }
    ],
    "intrinsics": [
        {
            "intrinsicId": "781370262",
            "width": "1920",
            "height": "1080",
            "sensorWidth": "36",
            "sensorHeight": "20.25",
            "serialNumber": "D:\/ly\/stage3\/gun11\/output2 png",
            "type": "radial3",
            "initializationMode": "unknown",
            "initialFocalLength": "-1",
            "focalLength": "33.372827145718979",
            "pixelRatio": "1",
            "pixelRatioLocked": "true",
            "principalPoint": [
                "-17.930054409394231",
                "35.960812818759734"
            ],
            "distortionInitializationMode": "none",
            "distortionParams": [
                "0.0057824952284037312",
                "-0.0097365905783859032",
                "-0.087379171776177184"
            ],
            "undistortionOffset": [
                "0",
                "0"
            ],
            "undistortionParams": "",
            "locked": "false"
        }
    ],
    "poses": [
        {
            "poseId": "129029325",
            "pose": {
                "transform": {
                    "rotation": [
                        "0.2771628850694125",
                        "-0.0030645641908795436",
                        "0.96081805956503519",
                        "-0.044211009904325374",
                        "0.99889505117879596",
                        "0.015939364283116812",
                        "-0.95980525198773481",
                        "-0.046896536938565471",
                        "0.27672114678847815"
                    ],
                    "center": [
                        "-1.099059575158714",
                        "-0.0007393286020530021",
                        "1.0766226408511197"
                    ]
                },
                "locked": "0"
            }
        },
        {
            "poseId": "172794495",
            "pose": {
                "transform": {
                    "rotation": [
                        "0.90346462680668349",
                        "-0.01837959844590872",
                        "0.4282684420664537",
                        "0.032282588881468469",
                        "0.99916047710487821",
                        "-0.025222518642321865",
                        "-0.42744532113964046",
                        "0.036613267438448262",
                        "0.90329948858798226"
                    ],
                    "center": [
                        "-0.62372850856466688",
                        "0.012935380175671337",
                        "0.45583774124945231"
                    ]
                },
                "locked": "0"
            }
        },
        {
            "poseId": "546979997",
            "pose": {
                "transform": {
                    "rotation": [
                        "0.78407231814948675",
                        "0.14777205162923843",
                        "0.60282171549221397",
                        "0.023108973101538116",
                        "0.96362053651134061",
                        "-0.26627323743814041",
                        "-0.62023912749348731",
                        "0.22270806534762411",
                        "0.75213332751263984"
                    ],
                    "center": [
                        "-0.75440199840894373",
                        "0.2782951537258157",
                        "0.63636187400353361"
                    ]
                },
                "locked": "0"
            }
        },
        {
            "poseId": "624237971",
            "pose": {
                "transform": {
                    "rotation": [
                        "0.47603983955861406",
                        "0.011657835132978274",
                        "0.87934644255436745",
                        "0.011512099995393705",
                        "0.99974384815934492",
                        "-0.019486139208189767",
                        "-0.8793483625428008",
                        "0.019399302759563076",
                        "0.47578369491370526"
                    ],
                    "center": [
                        "-1.0241510572177011",
                        "-0.001878961361526427",
                        "1.0002876433547545"
                    ]
                },
                "locked": "0"
            }
        },
        {
            "poseId": "632162072",
            "pose": {
                "transform": {
                    "rotation": [
                        "0.52091636684732934",
                        "0.021989235027124434",
                        "0.85332444726112255",
                        "0.011675612345578523",
                        "0.99939108605659177",
                        "-0.032880650647176692",
                        "-0.85352786646185974",
                        "0.027091154525929501",
                        "0.52034243582425388"
                    ],
                    "center": [
                        "-1.0155308845169726",
                        "0.0031496325839667477",
                        "0.94328043371545212"
                    ]
                },
                "locked": "0"
            }
        },
        {
            "poseId": "646198035",
            "pose": {
                "transform": {
                    "rotation": [
                        "0.98508594996942",
                        "0.01611886123847869",
                        "0.17130631478500735",
                        "-0.018910875456596841",
                        "0.99971341261842939",
                        "0.014678944794466601",
                        "-0.17102061268253732",
                        "-0.017699574661233647",
                        "0.98510845854377938"
                    ],
                    "center": [
                        "-0.36520012969648658",
                        "0.00031146426389039653",
                        "0.32266425882701777"
                    ]
                },
                "locked": "0"
            }
        },
        {
            "poseId": "649804388",
            "pose": {
                "transform": {
                    "rotation": [
                        "0.99155422192781373",
                        "0.013461035968072407",
                        "0.12899234662488415",
                        "-0.011979874443560756",
                        "0.99985317949472563",
                        "-0.012251614693762009",
                        "-0.12913832732943584",
                        "0.010602828158286176",
                        "0.99156990295672109"
                    ],
                    "center": [
                        "-0.30401125220995229",
                        "-0.0027259608001517451",
                        "0.30943337110113966"
                    ]
                },
                "locked": "0"
            }
        },
        {
            "poseId": "650892239",
            "pose": {
                "transform": {
                    "rotation": [
                        "0.99515563194701206",
                        "-0.01245929577068952",
                        "0.097519403982190486",
                        "0.013063255402881556",
                        "0.99989922953043109",
                        "-0.0055571703887216314",
                        "-0.097440338476537922",
                        "0.0068041702909816242",
                        "0.99521810860947924"
                    ],
                    "center": [
                        "-0.27383414262789246",
                        "-0.0042925279427597877",
                        "0.31147902684432099"
                    ]
                },
                "locked": "0"
            }
        },
        {
            "poseId": "651622489",
            "pose": {
                "transform": {
                    "rotation": [
                        "0.97455443326928304",
                        "0.01679772303868423",
                        "0.22352067711042345",
                        "-0.021872406198814309",
                        "0.99955573272898524",
                        "0.02024685199470266",
                        "-0.22308127317697601",
                        "-0.024620594414777697",
                        "0.97448887725227651"
                    ],
                    "center": [
                        "-0.50928990918319506",
                        "0.0061559945946623998",
                        "0.39524846626772675"
                    ]
                },
                "locked": "0"
            }
        },
        {
            "poseId": "653134701",
            "pose": {
                "transform": {
                    "rotation": [
                        "0.99774149717119121",
                        "-0.021322109223070998",
                        "0.063696722685467347",
                        "0.019578034261376095",
                        "0.99941951264728879",
                        "0.027880787548348853",
                        "-0.064254224740870405",
                        "-0.026570762091728029",
                        "0.99757976583570218"
                    ],
                    "center": [
                        "-0.23801576081841111",
                        "-0.0071325999042981206",
                        "0.32335836915006938"
                    ]
                },
                "locked": "0"
            }
        },
        {
            "poseId": "654239993",
            "pose": {
                "transform": {
                    "rotation": [
                        "0.38099820452518574",
                        "-0.004331511522374475",
                        "0.92456563107035106",
                        "0.013909922148194304",
                        "0.99990270357769939",
                        "-0.0010475895373978595",
                        "-0.92447113649611368",
                        "0.013259765681912672",
                        "0.38102138575104266"
                    ],
                    "center": [
                        "-1.0443515578764648",
                        "-0.0061115753371087335",
                        "1.1377902720141893"
                    ]
                },
                "locked": "0"
            }
        },
        {
            "poseId": "677973350",
            "pose": {
                "transform": {
                    "rotation": [
                        "0.97682466350175823",
                        "0.02212080618950879",
                        "0.2128949194043932",
                        "-0.030540229914919954",
                        "0.99887271764099028",
                        "0.036339899686793964",
                        "-0.21185105883950811",
                        "-0.04199957006956867",
                        "0.97639908079767812"
                    ],
                    "center": [
                        "-0.4774478193937568",
                        "0.0054185716672714972",
                        "0.37307328337784601"
                    ]
                },
                "locked": "0"
            }
        },
        {
            "poseId": "712355772",
            "pose": {
                "transform": {
                    "rotation": [
                        "0.78772767221229767",
                        "0.017791783483817873",
                        "0.61576664969082229",
                        "-0.01330191680349674",
                        "0.99984103917071532",
                        "-0.011872463913483136",
                        "-0.61587999922090964",
                        "0.0011613916174373342",
                        "0.78783911919195981"
                    ],
                    "center": [
                        "-0.71506450304712355",
                        "0.043210563555830396",
                        "0.61653245627302333"
                    ]
                },
                "locked": "0"
            }
        },
        {
            "poseId": "721673428",
            "pose": {
                "transform": {
                    "rotation": [
                        "0.77836778678850305",
                        "0.11314743643668518",
                        "0.61752833628731063",
                        "0.034278150356161663",
                        "0.97449861509686453",
                        "-0.22175990977282914",
                        "-0.6268720737902812",
                        "0.19377849932874194",
                        "0.75463984542281681"
                    ],
                    "center": [
                        "-0.76376344230134685",
                        "0.23070287656597097",
                        "0.64152869820043357"
                    ]
                },
                "locked": "0"
            }
        },
        {
            "poseId": "724921794",
            "pose": {
                "transform": {
                    "rotation": [
                        "0.77781610933572076",
                        "0.068884000144037574",
                        "0.62470560633149297",
                        "0.039478231069797726",
                        "0.98665775546268819",
                        "-0.15794917808247619",
                        "-0.62725080257377253",
                        "0.1475176874462393",
                        "0.76471887812520489"
                    ],
                    "center": [
                        "-0.74794499706644357",
                        "0.17448327988410836",
                        "0.63347123069272726"
                    ]
                },
                "locked": "0"
            }
        },
        {
            "poseId": "726233714",
            "pose": {
                "transform": {
                    "rotation": [
                        "0.78501689896607918",
                        "0.027572297689110917",
                        "0.61886043397346346",
                        "0.021771732411964666",
                        "0.99716379392207966",
                        "-0.07204415145385494",
                        "-0.61909164103988867",
                        "0.070029540131770332",
                        "0.78219013257869108"
                    ],
                    "center": [
                        "-0.73377556898382423",
                        "0.088128293662940227",
                        "0.62299014459740987"
                    ]
                },
                "locked": "0"
            }
        },
        {
            "poseId": "1024487586",
            "pose": {
                "transform": {
                    "rotation": [
                        "0.56959630222883406",
                        "0.021748777787839638",
